{
 "cells": [
  {
   "cell_type": "markdown",
   "id": "a8c4cdb3",
   "metadata": {},
   "source": [
    "## Ergotropy\n",
    "\n",
    "The goal of this notebook is to compute the ergotropy $W$ of a system $S$, given an arbitrary initial state and hamiltonian $H$. The ergotropy $W$ is none other that the maximum amount of work extractable from a finite system, and it is given by\n",
    "\n",
    "$$\n",
    "W = E(\\rho_0) - E(\\rho(\\tau)) = tr[\\rho_0 H] - tr[\\rho(\\tau) H] = \\sum_{j,k}r_j\\epsilon_k(|\\langle r_j|\\epsilon_k \\rangle|^2-\\delta_{jk})\n",
    "$$\n",
    "\n",
    "where we wrote \n",
    "\n",
    "$$\n",
    "\\rho_0 = \\sum_{j \\geqslant 1}r_j|r_j\\rangle \\langle r_j| \\\\\n",
    "H = \\sum_{k \\geqslant 1}\\epsilon_k|\\epsilon_k\\rangle \\langle \\epsilon_k| \\\\\n",
    "\\rho(\\tau) = \\sum_{j}r_j|\\epsilon_j\\rangle \\langle \\epsilon_j|\n",
    "$$ "
   ]
  },
  {
   "cell_type": "code",
   "execution_count": 4,
   "id": "94f2dd39",
   "metadata": {},
   "outputs": [],
   "source": [
    "import matplotlib.pyplot as plt\n",
    "import numpy as np\n",
    "from IPython.display import Image\n",
    "from qutip import (Qobj, about, basis, coherent, coherent_dm, create, destroy,\n",
    "                   expect, fock, fock_dm, mesolve, qeye, sigmax, sigmay,\n",
    "                   sigmaz, tensor, thermal_dm, lindblad_dissipator)\n",
    "\n",
    "%matplotlib inline"
   ]
  },
  {
   "cell_type": "code",
   "execution_count": 20,
   "id": "99447dd5",
   "metadata": {},
   "outputs": [],
   "source": [
    "def energy(_state, _H):\n",
    "    # Calculate eigenvalues and eigenstates\n",
    "    _state_eigens = _state.eigenstates()\n",
    "    _H_eigens = _H.eigenstates()\n",
    "    \n",
    "    _energy = 0.\n",
    "    for j in range(len(_state_eigens[0])):\n",
    "        for k in range(len(_H_eigens[0])):\n",
    "            _energy += _state_eigens[0][j] * _H_eigens[0][k] * abs(_H_eigens[1][k].overlap(_state_eigens[1][j]))**2\n",
    "    return _energy"
   ]
  },
  {
   "cell_type": "code",
   "execution_count": 2,
   "id": "4aa008cf",
   "metadata": {},
   "outputs": [],
   "source": [
    "def kronecker_delta(a,b):\n",
    "    if a==b: return 1\n",
    "    else: return 0"
   ]
  },
  {
   "cell_type": "code",
   "execution_count": 18,
   "id": "f651fd5f",
   "metadata": {},
   "outputs": [],
   "source": [
    "def ergotropy(_init_state, _H):\n",
    "    # for now I assume that init_state is given as a density matrix\n",
    "    # TODO: add a check to enforce this!\n",
    "    \n",
    "    # Calculate eigenvalues and eigenstates\n",
    "    _init_state_eigens = _init_state.eigenstates()\n",
    "    _H_eigens = _H.eigenstates()\n",
    "    \n",
    "    # Next, I have to order the eigenvalues, decreasing for init_state and ascending for H\n",
    "    _init_state_eigenvalues_ordered = -np.sort(-_init_state_eigens[0], kind='mergesort') # TODO: do this in a better way\n",
    "    _H_eigenenergies_ordered = np.sort(_H_eigens[0], kind='mergesort')\n",
    "    \n",
    "    _ergotropy = 0.\n",
    "    for j in range(len(_init_state_eigenvalues_ordered)):\n",
    "        for k in range(len(_H_eigenenergies_ordered)):\n",
    "            _ergotropy += _init_state_eigenvalues_ordered[j]*_H_eigenenergies_ordered[k] * (\n",
    "                          abs(_H_eigens[1][k].overlap(_init_state_eigens[1][j]))**2-kronecker_delta(j,k))\n",
    "    return _ergotropy"
   ]
  },
  {
   "cell_type": "code",
   "execution_count": 9,
   "id": "9fb0c57c",
   "metadata": {},
   "outputs": [
    {
     "data": {
      "text/latex": [
       "Quantum object: dims = [[2], [2]], shape = (2, 2), type = oper, isherm = True $ \\\\ \\left(\\begin{matrix}0.292 & 0.455\\\\0.455 & 0.708\\\\\\end{matrix}\\right)$"
      ],
      "text/plain": [
       "Quantum object: dims = [[2], [2]], shape = (2, 2), type = oper, isherm = True\n",
       "Qobj data =\n",
       "[[0.29192658 0.45464871]\n",
       " [0.45464871 0.70807342]]"
      ]
     },
     "execution_count": 9,
     "metadata": {},
     "output_type": "execute_result"
    }
   ],
   "source": [
    "state = coherent_dm(N=2, alpha=1.0)\n",
    "state"
   ]
  },
  {
   "cell_type": "code",
   "execution_count": 31,
   "id": "ca935dc5",
   "metadata": {},
   "outputs": [
    {
     "data": {
      "text/plain": [
       "2"
      ]
     },
     "execution_count": 31,
     "metadata": {},
     "output_type": "execute_result"
    }
   ],
   "source": [
    "len(state.eigenenergies())"
   ]
  },
  {
   "cell_type": "code",
   "execution_count": 14,
   "id": "1a08f5cd",
   "metadata": {
    "scrolled": true
   },
   "outputs": [
    {
     "data": {
      "text/plain": [
       "array([1., 0.])"
      ]
     },
     "execution_count": 14,
     "metadata": {},
     "output_type": "execute_result"
    }
   ],
   "source": [
    "-np.sort(-state.eigenenergies(), kind='mergesort')"
   ]
  },
  {
   "cell_type": "code",
   "execution_count": 20,
   "id": "8e5310f3",
   "metadata": {},
   "outputs": [
    {
     "data": {
      "text/plain": [
       "array([Quantum object: dims = [[2], [1]], shape = (2, 1), type = ket\n",
       "       Qobj data =\n",
       "       [[-0.84147098]\n",
       "        [ 0.54030231]]                                              ,\n",
       "       Quantum object: dims = [[2], [1]], shape = (2, 1), type = ket\n",
       "       Qobj data =\n",
       "       [[0.54030231]\n",
       "        [0.84147098]]                                               ],\n",
       "      dtype=object)"
      ]
     },
     "execution_count": 20,
     "metadata": {},
     "output_type": "execute_result"
    }
   ],
   "source": [
    "state.eigenstates()[1]"
   ]
  },
  {
   "cell_type": "code",
   "execution_count": 8,
   "id": "a22debe9",
   "metadata": {},
   "outputs": [
    {
     "data": {
      "text/latex": [
       "Quantum object: dims = [[2], [2]], shape = (2, 2), type = oper, isherm = True $ \\\\ \\left(\\begin{matrix}1.0 & -0.100j\\\\0.100j & -1.0\\\\\\end{matrix}\\right)$"
      ],
      "text/plain": [
       "Quantum object: dims = [[2], [2]], shape = (2, 2), type = oper, isherm = True\n",
       "Qobj data =\n",
       "[[ 1.+0.j   0.-0.1j]\n",
       " [ 0.+0.1j -1.+0.j ]]"
      ]
     },
     "execution_count": 8,
     "metadata": {},
     "output_type": "execute_result"
    }
   ],
   "source": [
    "H = 1.0 * sigmaz() + 0.1 * sigmay()\n",
    "H"
   ]
  },
  {
   "cell_type": "code",
   "execution_count": 15,
   "id": "308e905f",
   "metadata": {
    "scrolled": true
   },
   "outputs": [
    {
     "data": {
      "text/plain": [
       "array([-1.00498756,  1.00498756])"
      ]
     },
     "execution_count": 15,
     "metadata": {},
     "output_type": "execute_result"
    }
   ],
   "source": [
    "np.sort(H.eigenenergies(), kind='mergesort')"
   ]
  },
  {
   "cell_type": "code",
   "execution_count": 29,
   "id": "c5e44a5d",
   "metadata": {},
   "outputs": [
    {
     "data": {
      "text/plain": [
       "0.29295921052367796"
      ]
     },
     "execution_count": 29,
     "metadata": {},
     "output_type": "execute_result"
    }
   ],
   "source": [
    "abs(H.eigenstates()[1][0].overlap(state.eigenstates()[1][0]))**2"
   ]
  },
  {
   "cell_type": "code",
   "execution_count": 44,
   "id": "615c9184",
   "metadata": {},
   "outputs": [
    {
     "data": {
      "text/plain": [
       "1.4211343986592313"
      ]
     },
     "execution_count": 44,
     "metadata": {},
     "output_type": "execute_result"
    }
   ],
   "source": [
    "ergotropy(coherent_dm(N=2, alpha=1.0),H)"
   ]
  },
  {
   "cell_type": "markdown",
   "id": "33a6ce05",
   "metadata": {},
   "source": [
    "## Master equations solutions\n",
    "In the following we compare our numerical solutions (obtained via `mesolve`) with the analytical solutions of the article. First we consider the state of the battery and of the charger as harmonic oscillators, and then as qubits. \n",
    "We are going to compare the plots of the mean energy $E_B(\\tau)$ and of the ergotropy $\\epsilon_B(\\tau)$, defined as:\n",
    "\n",
    "$$\n",
    "E_B(\\tau) \\equiv tr[H_B \\rho_B(\\tau)] \\\\\n",
    "\\epsilon_B(\\tau) \\equiv tr[H_B \\rho_B(\\tau)] - \\min_{U_B} tr[H_B U_B \\rho_B(\\tau) U_B\\dagger ]\n",
    "$$"
   ]
  },
  {
   "cell_type": "code",
   "execution_count": 27,
   "id": "2937b82c",
   "metadata": {},
   "outputs": [],
   "source": [
    "# Define some constants\n",
    "w_zero = 1.0\n",
    "F = 0.1 * w_zero\n",
    "g = 0.2 * w_zero\n",
    "N_B = 1.0 # this is the bosonic occupation number, it should depends on T, but we always choose a value for it\n",
    "gamma = 0.05 * w_zero"
   ]
  },
  {
   "cell_type": "code",
   "execution_count": 7,
   "id": "0b4d03d7",
   "metadata": {},
   "outputs": [],
   "source": [
    "# First case, two harmonic oscillators\n",
    "a = tensor(destroy(5), qeye(5))\n",
    "b = tensor(qeye(5), destroy(5))\n",
    "\n",
    "H_A = w_zero * a.dag() * a\n",
    "H_B = w_zero * b.dag() * b\n",
    "\n",
    "delta_HA_t0 = F * ( a.dag() + a)\n",
    "H_AB = g * (a * b.dag() + a.dag() * b)\n",
    "D_A = lindblad_dissipator(a)\n",
    "D_AD = lindblad_dissipator(a.dag())\n",
    "\n",
    "# at t = 0, A and B do not interact, and they are respectvaly in their ground state\n",
    "rho0 = tensor(fock_dm(5,0), fock_dm(5,0))\n",
    "\n",
    "# times to resolve the me at\n",
    "tlist = np.linspace(0, 50, 100)"
   ]
  },
  {
   "cell_type": "code",
   "execution_count": 28,
   "id": "d9aaf392",
   "metadata": {},
   "outputs": [],
   "source": [
    "# now, I use mesolve to solve the master equation\n",
    "result = mesolve(H_AB + delta_HA_t0, rho0, tlist, [gamma * (N_B + 1) * D_A, gamma * N_B * D_AD])"
   ]
  },
  {
   "cell_type": "code",
   "execution_count": 31,
   "id": "feef58c4",
   "metadata": {},
   "outputs": [
    {
     "data": {
      "text/plain": [
       "[Quantum object: dims = [[5], [5]], shape = (5, 5), type = oper, isherm = True\n",
       " Qobj data =\n",
       " [[1. 0. 0. 0. 0.]\n",
       "  [0. 0. 0. 0. 0.]\n",
       "  [0. 0. 0. 0. 0.]\n",
       "  [0. 0. 0. 0. 0.]\n",
       "  [0. 0. 0. 0. 0.]],\n",
       " Quantum object: dims = [[5], [5]], shape = (5, 5), type = oper, isherm = True\n",
       " Qobj data =\n",
       " [[ 9.82707029e-01 -1.21925516e-01  1.06933256e-02 -7.63614156e-04\n",
       "    4.63096519e-05]\n",
       "  [-1.21925516e-01  1.71100884e-02 -1.67442070e-03  1.31963712e-04\n",
       "   -8.74396925e-06]\n",
       "  [ 1.06933256e-02 -1.67442070e-03  1.81390565e-04 -1.56932415e-05\n",
       "    1.13033625e-06]\n",
       "  [-7.63614156e-04  1.31963712e-04 -1.56932415e-05  1.48193271e-06\n",
       "   -1.15388982e-07]\n",
       "  [ 4.63096519e-05 -8.74396925e-06  1.13033625e-06 -1.15388982e-07\n",
       "    9.66707355e-09]],\n",
       " Quantum object: dims = [[5], [5]], shape = (5, 5), type = oper, isherm = True\n",
       " Qobj data =\n",
       " [[ 7.97786505e-01 -3.64837332e-01  1.17767305e-01 -3.07465389e-02\n",
       "    6.97951758e-03]\n",
       "  [-3.64837332e-01  1.77959136e-01 -6.09160714e-02  1.68002286e-02\n",
       "   -4.02185177e-03]\n",
       "  [ 1.17767305e-01 -6.09160714e-02  2.21199739e-02 -6.43755308e-03\n",
       "    1.62204200e-03]\n",
       "  [-3.07465389e-02  1.68002286e-02 -6.43755308e-03  1.98595801e-03\n",
       "   -5.27790110e-04]\n",
       "  [ 6.97951758e-03 -4.02185177e-03  1.62204200e-03 -5.27790110e-04\n",
       "    1.48427829e-04]],\n",
       " Quantum object: dims = [[5], [5]], shape = (5, 5), type = oper, isherm = True\n",
       " Qobj data =\n",
       " [[ 0.41877086 -0.37475344  0.23799329 -0.12070293  0.06054074]\n",
       "  [-0.37475344  0.35299777 -0.23276498  0.12247263 -0.06390167]\n",
       "  [ 0.23799329 -0.23276498  0.16086333 -0.08775691  0.04756779]\n",
       "  [-0.12070293  0.12247263 -0.08775691  0.05051965 -0.02838782]\n",
       "  [ 0.06054074 -0.06390167  0.04756779 -0.02838782  0.01684839]],\n",
       " Quantum object: dims = [[5], [5]], shape = (5, 5), type = oper, isherm = True\n",
       " Qobj data =\n",
       " [[ 0.14518225 -0.19077576  0.18292909 -0.13115715  0.11490496]\n",
       "  [-0.19077576  0.26407209 -0.2579158   0.19046583 -0.17069549]\n",
       "  [ 0.18292909 -0.2579158   0.26488735 -0.19615154  0.1848787 ]\n",
       "  [-0.13115715  0.19046583 -0.19615154  0.16506356 -0.1453434 ]\n",
       "  [ 0.11490496 -0.17069549  0.1848787  -0.1453434   0.16079474]],\n",
       " Quantum object: dims = [[5], [5]], shape = (5, 5), type = oper, isherm = True\n",
       " Qobj data =\n",
       " [[ 0.04909138 -0.07872524  0.09859313 -0.08521321  0.0899932 ]\n",
       "  [-0.07872524  0.13315642 -0.16701079  0.14703227 -0.15447243]\n",
       "  [ 0.09859313 -0.16701079  0.24481093 -0.17439248  0.2267842 ]\n",
       "  [-0.08521321  0.14703227 -0.17439248  0.23708979 -0.17509331]\n",
       "  [ 0.0899932  -0.15447243  0.2267842  -0.17509331  0.33585149]],\n",
       " Quantum object: dims = [[5], [5]], shape = (5, 5), type = oper, isherm = True\n",
       " Qobj data =\n",
       " [[ 0.02892969 -0.04936739  0.06664998 -0.05955152  0.055261  ]\n",
       "  [-0.04936739  0.09718638 -0.13652073  0.1137584  -0.10094859]\n",
       "  [ 0.06664998 -0.13652073  0.28682505 -0.14275664  0.17094792]\n",
       "  [-0.05955152  0.1137584  -0.14275664  0.25591288 -0.13834329]\n",
       "  [ 0.055261   -0.10094859  0.17094792 -0.13834329  0.331146  ]],\n",
       " Quantum object: dims = [[5], [5]], shape = (5, 5), type = oper, isherm = True\n",
       " Qobj data =\n",
       " [[ 0.04375002 -0.0710963   0.07821283 -0.05603525  0.05779331]\n",
       "  [-0.0710963   0.14492938 -0.17512646  0.10744228 -0.10685407]\n",
       "  [ 0.07821283 -0.17512646  0.32622307 -0.13582577  0.12454676]\n",
       "  [-0.05603525  0.10744228 -0.13582577  0.21201069 -0.11556428]\n",
       "  [ 0.05779331 -0.10685407  0.12454676 -0.11556428  0.27308684]],\n",
       " Quantum object: dims = [[5], [5]], shape = (5, 5), type = oper, isherm = True\n",
       " Qobj data =\n",
       " [[ 0.10331897 -0.11747889  0.09143101 -0.06905388  0.0886018 ]\n",
       "  [-0.11747889  0.19233179 -0.16337693  0.11329753 -0.14467894]\n",
       "  [ 0.09143101 -0.16337693  0.23453974 -0.12035089  0.13482173]\n",
       "  [-0.06905388  0.11329753 -0.12035089  0.20536636 -0.14231315]\n",
       "  [ 0.0886018  -0.14467894  0.13482173 -0.14231315  0.26444314]],\n",
       " Quantum object: dims = [[5], [5]], shape = (5, 5), type = oper, isherm = True\n",
       " Qobj data =\n",
       " [[ 0.19894481 -0.14081082  0.12291597 -0.12275024  0.11171902]\n",
       "  [-0.14081082  0.1984448  -0.13526754  0.13254054 -0.12905944]\n",
       "  [ 0.12291597 -0.13526754  0.18346551 -0.13619602  0.12435033]\n",
       "  [-0.12275024  0.13254054 -0.13619602  0.22610418 -0.13767087]\n",
       "  [ 0.11171902 -0.12905944  0.12435033 -0.13767087  0.1930407 ]],\n",
       " Quantum object: dims = [[5], [5]], shape = (5, 5), type = oper, isherm = True\n",
       " Qobj data =\n",
       " [[ 0.31642006 -0.17515055  0.19800211 -0.14020268  0.07218164]\n",
       "  [-0.17515055  0.21927412 -0.13797545  0.10678858 -0.06235531]\n",
       "  [ 0.19800211 -0.13797545  0.20805596 -0.12535514  0.07246238]\n",
       "  [-0.14020268  0.10678858 -0.12535514  0.16338883 -0.06509014]\n",
       "  [ 0.07218164 -0.06235531  0.07246238 -0.06509014  0.09286103]],\n",
       " Quantum object: dims = [[5], [5]], shape = (5, 5), type = oper, isherm = True\n",
       " Qobj data =\n",
       " [[ 0.46486668 -0.21279551  0.1880103  -0.05350569  0.00472412]\n",
       "  [-0.21279551  0.25025575 -0.12600998  0.04601933 -0.01105505]\n",
       "  [ 0.1880103  -0.12600998  0.16462427 -0.04900546  0.01906655]\n",
       "  [-0.05350569  0.04601933 -0.04900546  0.07644277 -0.01518027]\n",
       "  [ 0.00472412 -0.01105505  0.01906655 -0.01518027  0.04381054]],\n",
       " Quantum object: dims = [[5], [5]], shape = (5, 5), type = oper, isherm = True\n",
       " Qobj data =\n",
       " [[ 0.61143342 -0.21410822  0.07217552  0.035542   -0.02084534]\n",
       "  [-0.21410822  0.22563256 -0.06436453 -0.00344309  0.01317451]\n",
       "  [ 0.07217552 -0.06436453  0.08401162 -0.0059819   0.00422785]\n",
       "  [ 0.035542   -0.00344309 -0.0059819   0.04785256 -0.0016665 ]\n",
       "  [-0.02084534  0.01317451  0.00422785 -0.0016665   0.03106984]],\n",
       " Quantum object: dims = [[5], [5]], shape = (5, 5), type = oper, isherm = True\n",
       " Qobj data =\n",
       " [[ 0.66933757 -0.19554807 -0.01365104  0.04071158 -0.01117206]\n",
       "  [-0.19554807  0.18930275 -0.02868953 -0.01056788  0.01253251]\n",
       "  [-0.01365104 -0.02868953  0.06851091 -0.00070007  0.00527966]\n",
       "  [ 0.04071158 -0.01056788 -0.00070007  0.04317138  0.00067065]\n",
       "  [-0.01117206  0.01253251  0.00527966  0.00067065  0.02967739]],\n",
       " Quantum object: dims = [[5], [5]], shape = (5, 5), type = oper, isherm = True\n",
       " Qobj data =\n",
       " [[ 0.63038387 -0.19413405 -0.00564211 -0.0093127   0.01320892]\n",
       "  [-0.19413405  0.19722978 -0.03814343  0.01201042 -0.00619041]\n",
       "  [-0.00564211 -0.03814343  0.08110883 -0.00743303  0.00683125]\n",
       "  [-0.0093127   0.01201042 -0.00743303  0.05479107 -0.00481915]\n",
       "  [ 0.01320892 -0.00619041  0.00683125 -0.00481915  0.03648645]],\n",
       " Quantum object: dims = [[5], [5]], shape = (5, 5), type = oper, isherm = True\n",
       " Qobj data =\n",
       " [[ 0.55018743 -0.22772033  0.04796748 -0.03314922  0.04154046]\n",
       "  [-0.22772033  0.22123679 -0.06154643  0.0288943  -0.03858544]\n",
       "  [ 0.04796748 -0.06154643  0.09169255 -0.01599334  0.02311648]\n",
       "  [-0.03314922  0.0288943  -0.01599334  0.06780724 -0.01362922]\n",
       "  [ 0.04154046 -0.03858544  0.02311648 -0.01362922  0.069076  ]],\n",
       " Quantum object: dims = [[5], [5]], shape = (5, 5), type = oper, isherm = True\n",
       " Qobj data =\n",
       " [[ 0.42491479 -0.24908783  0.11685154 -0.04608929  0.05206458]\n",
       "  [-0.24908783  0.2460078  -0.11904107  0.04563958 -0.05697619]\n",
       "  [ 0.11685154 -0.11904107  0.14611396 -0.03511259  0.04551686]\n",
       "  [-0.04608929  0.04563958 -0.03511259  0.08311127 -0.01740565]\n",
       "  [ 0.05206458 -0.05697619  0.04551686 -0.01740565  0.09985218]],\n",
       " Quantum object: dims = [[5], [5]], shape = (5, 5), type = oper, isherm = True\n",
       " Qobj data =\n",
       " [[ 0.26124794 -0.20251883  0.14007086 -0.06297102  0.04767322]\n",
       "  [-0.20251883  0.2549038  -0.17821723  0.09052978 -0.06667169]\n",
       "  [ 0.14007086 -0.17821723  0.23652855 -0.09615943  0.07530248]\n",
       "  [-0.06297102  0.09052978 -0.09615943  0.12736427 -0.04613915]\n",
       "  [ 0.04767322 -0.06667169  0.07530248 -0.04613915  0.11995545]],\n",
       " Quantum object: dims = [[5], [5]], shape = (5, 5), type = oper, isherm = True\n",
       " Qobj data =\n",
       " [[ 0.13711778 -0.12684298  0.10432536 -0.05853356  0.04106397]\n",
       "  [-0.12684298  0.23065442 -0.18465477  0.12441611 -0.08309169]\n",
       "  [ 0.10432536 -0.18465477  0.26735646 -0.14542243  0.11106809]\n",
       "  [-0.05853356  0.12441611 -0.14542243  0.1950086  -0.09379667]\n",
       "  [ 0.04106397 -0.08309169  0.11106809 -0.09379667  0.16986274]],\n",
       " Quantum object: dims = [[5], [5]], shape = (5, 5), type = oper, isherm = True\n",
       " Qobj data =\n",
       " [[ 0.09663434 -0.0813025   0.07074936 -0.04510464  0.03490984]\n",
       "  [-0.0813025   0.18923486 -0.15148725  0.11846833 -0.09366615]\n",
       "  [ 0.07074936 -0.15148725  0.24065831 -0.14021855  0.12765971]\n",
       "  [-0.04510464  0.11846833 -0.14021855  0.2328183  -0.12730219]\n",
       "  [ 0.03490984 -0.09366615  0.12765971 -0.12730219  0.24065418]],\n",
       " Quantum object: dims = [[5], [5]], shape = (5, 5), type = oper, isherm = True\n",
       " Qobj data =\n",
       " [[ 0.10395672 -0.07063845  0.0746059  -0.05750131  0.03841002]\n",
       "  [-0.07063845  0.17394542 -0.13258113  0.10502606 -0.08217233]\n",
       "  [ 0.0746059  -0.13258113  0.24548986 -0.12694633  0.10825281]\n",
       "  [-0.05750131  0.10502606 -0.12694633  0.23408944 -0.11471395]\n",
       "  [ 0.03841002 -0.08217233  0.10825281 -0.11471395  0.24251855]],\n",
       " Quantum object: dims = [[5], [5]], shape = (5, 5), type = oper, isherm = True\n",
       " Qobj data =\n",
       " [[ 0.13573435 -0.08988773  0.09719149 -0.07303278  0.04873123]\n",
       "  [-0.08988773  0.19589152 -0.13129769  0.09581    -0.07243997]\n",
       "  [ 0.09719149 -0.13129769  0.26400064 -0.12032939  0.08457927]\n",
       "  [-0.07303278  0.09581    -0.12032939  0.21100024 -0.0849427 ]\n",
       "  [ 0.04873123 -0.07243997  0.08457927 -0.0849427   0.19337324]],\n",
       " Quantum object: dims = [[5], [5]], shape = (5, 5), type = oper, isherm = True\n",
       " Qobj data =\n",
       " [[ 0.19794127 -0.12341895  0.10687313 -0.07221749  0.05910158]\n",
       "  [-0.12341895  0.22859111 -0.13250747  0.0865748  -0.07865911]\n",
       "  [ 0.10687313 -0.13250747  0.22932886 -0.09807906  0.0792872 ]\n",
       "  [-0.07221749  0.0865748  -0.09807906  0.17582871 -0.07313548]\n",
       "  [ 0.05910158 -0.07865911  0.0792872  -0.07313548  0.16831006]],\n",
       " Quantum object: dims = [[5], [5]], shape = (5, 5), type = oper, isherm = True\n",
       " Qobj data =\n",
       " [[ 0.27726577 -0.15750925  0.10387802 -0.06457801  0.0562241 ]\n",
       "  [-0.15750925  0.25005746 -0.12254559  0.07817202 -0.06958993]\n",
       "  [ 0.10387802 -0.12254559  0.18284145 -0.07688046  0.06488992]\n",
       "  [-0.06457801  0.07817202 -0.07688046  0.15224183 -0.05873871]\n",
       "  [ 0.0562241  -0.06958993  0.06488992 -0.05873871  0.13759349]],\n",
       " Quantum object: dims = [[5], [5]], shape = (5, 5), type = oper, isherm = True\n",
       " Qobj data =\n",
       " [[ 0.35055761 -0.1838107   0.0947799  -0.04811214  0.02608057]\n",
       "  [-0.1838107   0.26534502 -0.10601846  0.06085203 -0.03197785]\n",
       "  [ 0.0947799  -0.10601846  0.16340951 -0.05786291  0.032394  ]\n",
       "  [-0.04811214  0.06085203 -0.05786291  0.12769156 -0.03037118]\n",
       "  [ 0.02608057 -0.03197785  0.032394   -0.03037118  0.0929963 ]],\n",
       " Quantum object: dims = [[5], [5]], shape = (5, 5), type = oper, isherm = True\n",
       " Qobj data =\n",
       " [[ 0.41814768 -0.19112231  0.07101061 -0.01285415 -0.00752704]\n",
       "  [-0.19112231  0.26009067 -0.08439768  0.0287865  -0.00047949]\n",
       "  [ 0.07101061 -0.08439768  0.14563319 -0.03398467  0.01006666]\n",
       "  [-0.01285415  0.0287865  -0.03398467  0.10131699 -0.01212203]\n",
       "  [-0.00752704 -0.00047949  0.01006666 -0.01212203  0.07481147]],\n",
       " Quantum object: dims = [[5], [5]], shape = (5, 5), type = oper, isherm = True\n",
       " Qobj data =\n",
       " [[ 0.4677525  -0.18282621  0.0425586   0.0234078  -0.01445603]\n",
       "  [-0.18282621  0.23808713 -0.06620597  0.00367745  0.0045283 ]\n",
       "  [ 0.0425586  -0.06620597  0.124989   -0.01705027  0.00641299]\n",
       "  [ 0.0234078   0.00367745 -0.01705027  0.091789   -0.0070389 ]\n",
       "  [-0.01445603  0.0045283   0.00641299 -0.0070389   0.07738236]],\n",
       " Quantum object: dims = [[5], [5]], shape = (5, 5), type = oper, isherm = True\n",
       " Qobj data =\n",
       " [[ 0.47326279 -0.17566609  0.03835679  0.02005612  0.00073674]\n",
       "  [-0.17566609  0.22691054 -0.06729755  0.00692968 -0.00227461]\n",
       "  [ 0.03835679 -0.06729755  0.12899025 -0.01725664  0.01066043]\n",
       "  [ 0.02005612  0.00692968 -0.01725664  0.09124706 -0.00595168]\n",
       "  [ 0.00073674 -0.00227461  0.01066043 -0.00595168  0.07958935]],\n",
       " Quantum object: dims = [[5], [5]], shape = (5, 5), type = oper, isherm = True\n",
       " Qobj data =\n",
       " [[ 0.43768148 -0.1799239   0.05758674 -0.01621178  0.01807457]\n",
       "  [-0.1799239   0.23113915 -0.08169708  0.0300756  -0.0145057 ]\n",
       "  [ 0.05758674 -0.08169708  0.14907624 -0.03005254  0.01913207]\n",
       "  [-0.01621178  0.0300756  -0.03005254  0.09822013 -0.01194817]\n",
       "  [ 0.01807457 -0.0145057   0.01913207 -0.01194817  0.08388301]],\n",
       " Quantum object: dims = [[5], [5]], shape = (5, 5), type = oper, isherm = True\n",
       " Qobj data =\n",
       " [[ 0.37594635 -0.18582253  0.07726416 -0.04375064  0.0294182 ]\n",
       "  [-0.18582253  0.24117051 -0.09805436  0.05506652 -0.03330793]\n",
       "  [ 0.07726416 -0.09805436  0.1615043  -0.04678533  0.03353112]\n",
       "  [-0.04375064  0.05506652 -0.04678533  0.1183844  -0.02485575]\n",
       "  [ 0.0294182  -0.03330793  0.03353112 -0.02485575  0.10299444]],\n",
       " Quantum object: dims = [[5], [5]], shape = (5, 5), type = oper, isherm = True\n",
       " Qobj data =\n",
       " [[ 0.29244749 -0.16956466  0.08868371 -0.04917925  0.03374569]\n",
       "  [-0.16956466  0.24655112 -0.1195305   0.07156355 -0.05088285]\n",
       "  [ 0.08868371 -0.1195305   0.18746625 -0.06797315  0.05333098]\n",
       "  [-0.04917925  0.07156355 -0.06797315  0.14285954 -0.04309119]\n",
       "  [ 0.03374569 -0.05088285  0.05333098 -0.04309119  0.13067559]],\n",
       " Quantum object: dims = [[5], [5]], shape = (5, 5), type = oper, isherm = True\n",
       " Qobj data =\n",
       " [[ 0.20716834 -0.12984326  0.08753176 -0.04484081  0.03030407]\n",
       "  [-0.12984326  0.23891109 -0.13848088  0.08140494 -0.05868823]\n",
       "  [ 0.08753176 -0.13848088  0.23125139 -0.09471406  0.07197456]\n",
       "  [-0.04484081  0.08140494 -0.09471406  0.16935119 -0.0609947 ]\n",
       "  [ 0.03030407 -0.05868823  0.07197456 -0.0609947   0.15331799]],\n",
       " Quantum object: dims = [[5], [5]], shape = (5, 5), type = oper, isherm = True\n",
       " Qobj data =\n",
       " [[ 0.15598742 -0.09565612  0.0753185  -0.03972043  0.02298061]\n",
       "  [-0.09565612  0.22294789 -0.13809374  0.08660039 -0.05741911]\n",
       "  [ 0.0753185  -0.13809374  0.25252855 -0.11092853  0.08083289]\n",
       "  [-0.03972043  0.08660039 -0.11092853  0.19469626 -0.07293945]\n",
       "  [ 0.02298061 -0.05741911  0.08083289 -0.07293945  0.17383988]],\n",
       " Quantum object: dims = [[5], [5]], shape = (5, 5), type = oper, isherm = True\n",
       " Qobj data =\n",
       " [[ 0.14935107 -0.08695746  0.06752076 -0.03947173  0.02202036]\n",
       "  [-0.08695746  0.21525371 -0.1271826   0.08593089 -0.05588263]\n",
       "  [ 0.06752076 -0.1271826   0.24054309 -0.10541389  0.07913404]\n",
       "  [-0.03947173  0.08593089 -0.10541389  0.20513311 -0.07658928]\n",
       "  [ 0.02202036 -0.05588263  0.07913404 -0.07658928  0.18971903]],\n",
       " Quantum object: dims = [[5], [5]], shape = (5, 5), type = oper, isherm = True\n",
       " Qobj data =\n",
       " [[ 0.16886927 -0.09901401  0.07375277 -0.04587514  0.02913291]\n",
       "  [-0.09901401  0.22396554 -0.12283532  0.08156511 -0.05656865]\n",
       "  [ 0.07375277 -0.12283532  0.22783255 -0.09238176  0.06963643]\n",
       "  [-0.04587514  0.08156511 -0.09238176  0.19466244 -0.06877457]\n",
       "  [ 0.02913291 -0.05656865  0.06963643 -0.06877457  0.18467021]],\n",
       " Quantum object: dims = [[5], [5]], shape = (5, 5), type = oper, isherm = True\n",
       " Qobj data =\n",
       " [[ 0.20231947 -0.11942738  0.08230288 -0.05095071  0.03422914]\n",
       "  [-0.11942738  0.24209276 -0.12055669  0.0753812  -0.05406798]\n",
       "  [ 0.08230288 -0.12055669  0.21846644 -0.08125509  0.05638391]\n",
       "  [-0.05095071  0.0753812  -0.08125509  0.17600773 -0.05454481]\n",
       "  [ 0.03422914 -0.05406798  0.05638391 -0.05454481  0.16111359]],\n",
       " Quantum object: dims = [[5], [5]], shape = (5, 5), type = oper, isherm = True\n",
       " Qobj data =\n",
       " [[ 0.25076089 -0.13874378  0.08166378 -0.04505031  0.03115606]\n",
       "  [-0.13874378  0.25254275 -0.10985624  0.06355084 -0.04552589]\n",
       "  [ 0.08166378 -0.10985624  0.19906779 -0.06769014  0.04490748]\n",
       "  [-0.04505031  0.06355084 -0.06769014  0.15829801 -0.04251111]\n",
       "  [ 0.03115606 -0.04552589  0.04490748 -0.04251111  0.13933056]],\n",
       " Quantum object: dims = [[5], [5]], shape = (5, 5), type = oper, isherm = True\n",
       " Qobj data =\n",
       " [[ 0.3044146  -0.1515336   0.07537497 -0.02977734  0.02059099]\n",
       "  [-0.1515336   0.25132315 -0.0960666   0.04741445 -0.03041042]\n",
       "  [ 0.07537497 -0.0960666   0.17840566 -0.05244767  0.03319718]\n",
       "  [-0.02977734  0.04741445 -0.05244767  0.14249044 -0.03088925]\n",
       "  [ 0.02059099 -0.03041042  0.03319718 -0.03088925  0.12336615]],\n",
       " Quantum object: dims = [[5], [5]], shape = (5, 5), type = oper, isherm = True\n",
       " Qobj data =\n",
       " [[ 0.34607846 -0.15669436  0.06619801 -0.01309677  0.0065412 ]\n",
       "  [-0.15669436  0.24861126 -0.08614932  0.03392833 -0.01323473]\n",
       "  [ 0.06619801 -0.08614932  0.16832957 -0.04047709  0.02010888]\n",
       "  [-0.01309677  0.03392833 -0.04047709  0.12920492 -0.01930006]\n",
       "  [ 0.0065412  -0.01323473  0.02010888 -0.01930006  0.10777579]],\n",
       " Quantum object: dims = [[5], [5]], shape = (5, 5), type = oper, isherm = True\n",
       " Qobj data =\n",
       " [[ 0.37126624 -0.1574898   0.05449225 -0.00246778 -0.00310554]\n",
       "  [-0.1574898   0.24671418 -0.07874253  0.02547387 -0.00275123]\n",
       "  [ 0.05449225 -0.07874253  0.16229607 -0.03274908  0.0124663 ]\n",
       "  [-0.00246778  0.02547387 -0.03274908  0.12031241 -0.01284129]\n",
       "  [-0.00310554 -0.00275123  0.0124663  -0.01284129  0.0994111 ]],\n",
       " Quantum object: dims = [[5], [5]], shape = (5, 5), type = oper, isherm = True\n",
       " Qobj data =\n",
       " [[ 0.37833695 -0.15661965  0.04826506 -0.00164138 -0.00209913]\n",
       "  [-0.15661965  0.24360445 -0.07622258  0.02395766 -0.00399109]\n",
       "  [ 0.04826506 -0.07622258  0.15785594 -0.03045375  0.01309775]\n",
       "  [-0.00164138  0.02395766 -0.03045375  0.11889845 -0.01274239]\n",
       "  [-0.00209913 -0.00399109  0.01309775 -0.01274239  0.10130421]],\n",
       " Quantum object: dims = [[5], [5]], shape = (5, 5), type = oper, isherm = True\n",
       " Qobj data =\n",
       " [[ 0.36168258 -0.15389792  0.05473721 -0.01192886  0.00746249]\n",
       "  [-0.15389792  0.24261665 -0.08324776  0.03177546 -0.01316822]\n",
       "  [ 0.05473721 -0.08324776  0.16454155 -0.03592182  0.01937622]\n",
       "  [-0.01192886  0.03177546 -0.03592182  0.1243393  -0.01643926]\n",
       "  [ 0.00746249 -0.01316822  0.01937622 -0.01643926  0.10681994]],\n",
       " Quantum object: dims = [[5], [5]], shape = (5, 5), type = oper, isherm = True\n",
       " Qobj data =\n",
       " [[ 0.32674584 -0.14881821  0.06743774 -0.02707938  0.01758666]\n",
       "  [-0.14881821  0.24198449 -0.09419605  0.04470622 -0.02449097]\n",
       "  [ 0.06743774 -0.09419605  0.18048253 -0.04729435  0.0296197 ]\n",
       "  [-0.02707938  0.04470622 -0.04729435  0.13467098 -0.02365233]\n",
       "  [ 0.01758666 -0.02449097  0.0296197  -0.02365233  0.11611615]],\n",
       " Quantum object: dims = [[5], [5]], shape = (5, 5), type = oper, isherm = True\n",
       " Qobj data =\n",
       " [[ 0.28480662 -0.1388408   0.07355077 -0.03649491  0.02214262]\n",
       "  [-0.1388408   0.23784622 -0.10231081  0.05671322 -0.03425821]\n",
       "  [ 0.07355077 -0.10231081  0.19546513 -0.06035797  0.0413247 ]\n",
       "  [-0.03649491  0.05671322 -0.06035797  0.15037823 -0.0338745 ]\n",
       "  [ 0.02214262 -0.03425821  0.0413247  -0.0338745   0.13150381]],\n",
       " Quantum object: dims = [[5], [5]], shape = (5, 5), type = oper, isherm = True\n",
       " Qobj data =\n",
       " [[ 0.24053898 -0.1224988   0.07065039 -0.03674691  0.02135348]\n",
       "  [-0.1224988   0.23456697 -0.10926915  0.06507876 -0.04036759]\n",
       "  [ 0.07065039 -0.10926915  0.20954135 -0.07244667  0.05093817]\n",
       "  [-0.03674691  0.06507876 -0.07244667  0.16730452 -0.0441807 ]\n",
       "  [ 0.02135348 -0.04036759  0.05093817 -0.0441807   0.14804819]],\n",
       " Quantum object: dims = [[5], [5]], shape = (5, 5), type = oper, isherm = True\n",
       " Qobj data =\n",
       " [[ 0.20243573 -0.10525075  0.06560192 -0.03299374  0.01851149]\n",
       "  [-0.10525075  0.23441078 -0.1156354   0.06878277 -0.04306255]\n",
       "  [ 0.06560192 -0.1156354   0.2241565  -0.08097206  0.05657609]\n",
       "  [-0.03299374  0.06878277 -0.08097206  0.1789772  -0.05145396]\n",
       "  [ 0.01851149 -0.04306255  0.05657609 -0.05145396  0.16001978]],\n",
       " Quantum object: dims = [[5], [5]], shape = (5, 5), type = oper, isherm = True\n",
       " Qobj data =\n",
       " [[ 0.18504429 -0.09656485  0.06286043 -0.03115463  0.01680927]\n",
       "  [-0.09656485  0.23506579 -0.11659584  0.06874806 -0.04340388]\n",
       "  [ 0.06286043 -0.11659584  0.22940505 -0.08217147  0.05718195]\n",
       "  [-0.03115463  0.06874806 -0.08217147  0.1837004  -0.05363584]\n",
       "  [ 0.01680927 -0.04340388  0.05718195 -0.05363584  0.16678448]],\n",
       " Quantum object: dims = [[5], [5]], shape = (5, 5), type = oper, isherm = True\n",
       " Qobj data =\n",
       " [[ 0.19267997 -0.10020425  0.06413048 -0.03286333  0.0177269 ]\n",
       "  [-0.10020425  0.23637808 -0.11138407  0.06638323 -0.04138926]\n",
       "  [ 0.06413048 -0.11138407  0.22201722 -0.07628751  0.05263459]\n",
       "  [-0.03286333  0.06638323 -0.07628751  0.1821662  -0.05014554]\n",
       "  [ 0.0177269  -0.04138926  0.05263459 -0.05014554  0.16675853]],\n",
       " Quantum object: dims = [[5], [5]], shape = (5, 5), type = oper, isherm = True\n",
       " Qobj data =\n",
       " [[ 0.21557481 -0.1108243   0.06830642 -0.03499822  0.01992206]\n",
       "  [-0.1108243   0.24018688 -0.10536745  0.0617878  -0.03775776]\n",
       "  [ 0.06830642 -0.10536745  0.21203413 -0.06796978  0.04530008]\n",
       "  [-0.03499822  0.0617878  -0.06796978  0.17421794 -0.04283879]\n",
       "  [ 0.01992206 -0.03775776  0.04530008 -0.04283879  0.15798624]],\n",
       " Quantum object: dims = [[5], [5]], shape = (5, 5), type = oper, isherm = True\n",
       " Qobj data =\n",
       " [[ 0.24448191 -0.12186325  0.06955765 -0.03253261  0.01992302]\n",
       "  [-0.12186325  0.24529912 -0.09965849  0.05430085 -0.03304989]\n",
       "  [ 0.06955765 -0.09965849  0.20281664 -0.05961456  0.03785638]\n",
       "  [-0.03253261  0.05430085 -0.05961456  0.16251121 -0.03498419]\n",
       "  [ 0.01992302 -0.03304989  0.03785638 -0.03498419  0.14489113]],\n",
       " Quantum object: dims = [[5], [5]], shape = (5, 5), type = oper, isherm = True\n",
       " Qobj data =\n",
       " [[ 0.27589254 -0.1304806   0.06480755 -0.02481929  0.01543496]\n",
       "  [-0.1304806   0.24762428 -0.0915571   0.04485048 -0.02583348]\n",
       "  [ 0.06480755 -0.0915571   0.19090066 -0.05070795  0.0302307 ]\n",
       "  [-0.02481929  0.04485048 -0.05070795  0.15210794 -0.02789313]\n",
       "  [ 0.01543496 -0.02583348  0.0302307  -0.02789313  0.13347458]],\n",
       " Quantum object: dims = [[5], [5]], shape = (5, 5), type = oper, isherm = True\n",
       " Qobj data =\n",
       " [[ 0.30396837 -0.13529581  0.05790345 -0.01629808  0.00803911]\n",
       "  [-0.13529581  0.24626942 -0.08313821  0.03634955 -0.0165582 ]\n",
       "  [ 0.05790345 -0.08313821  0.18034869 -0.04263778  0.02264871]\n",
       "  [-0.01629808  0.03634955 -0.04263778  0.14441408 -0.0216456 ]\n",
       "  [ 0.00803911 -0.0165582   0.02264871 -0.0216456   0.12499945]],\n",
       " Quantum object: dims = [[5], [5]], shape = (5, 5), type = oper, isherm = True\n",
       " Qobj data =\n",
       " [[ 0.32118405 -0.13599045  0.05366318 -0.01103452  0.00225701]\n",
       "  [-0.13599045  0.244062   -0.07899218  0.03146074 -0.00965273]\n",
       "  [ 0.05366318 -0.07899218  0.17645417 -0.03782349  0.0175066 ]\n",
       "  [-0.01103452  0.03146074 -0.03782349  0.13909825 -0.01699886]\n",
       "  [ 0.00225701 -0.00965273  0.0175066  -0.01699886  0.11920153]],\n",
       " Quantum object: dims = [[5], [5]], shape = (5, 5), type = oper, isherm = True\n",
       " Qobj data =\n",
       " [[ 0.32541789 -0.13446479  0.05293065 -0.01029745  0.00165591]\n",
       "  [-0.13446479  0.24216214 -0.07905875  0.03092576 -0.00890101]\n",
       "  [ 0.05293065 -0.07905875  0.17694488 -0.03680618  0.01697897]\n",
       "  [-0.01029745  0.03092576 -0.03680618  0.13749112 -0.01570208]\n",
       "  [ 0.00165591 -0.00890101  0.01697897 -0.01570208  0.11798397]],\n",
       " Quantum object: dims = [[5], [5]], shape = (5, 5), type = oper, isherm = True\n",
       " Qobj data =\n",
       " [[ 0.31755156 -0.13218601  0.05491014 -0.01409917  0.00555807]\n",
       "  [-0.13218601  0.24054129 -0.08176219  0.03429659 -0.01313244]\n",
       "  [ 0.05491014 -0.08176219  0.17991721 -0.03938158  0.02065758]\n",
       "  [-0.01409917  0.03429659 -0.03938158  0.14036062 -0.01799331]\n",
       "  [ 0.00555807 -0.01313244  0.02065758 -0.01799331  0.12162931]],\n",
       " Quantum object: dims = [[5], [5]], shape = (5, 5), type = oper, isherm = True\n",
       " Qobj data =\n",
       " [[ 0.29828042 -0.1284617   0.05865296 -0.02058093  0.01044771]\n",
       "  [-0.1284617   0.23994467 -0.08682833  0.04074197 -0.01917066]\n",
       "  [ 0.05865296 -0.08682833  0.18701087 -0.04539614  0.02639646]\n",
       "  [-0.02058093  0.04074197 -0.04539614  0.14697551 -0.02251316]\n",
       "  [ 0.01044771 -0.01917066  0.02639646 -0.02251316  0.12778852]],\n",
       " Quantum object: dims = [[5], [5]], shape = (5, 5), type = oper, isherm = True\n",
       " Qobj data =\n",
       " [[ 0.27194692 -0.12205111  0.06163114 -0.02628863  0.01385341]\n",
       "  [-0.12205111  0.23933218 -0.09252424  0.04806406 -0.02532163]\n",
       "  [ 0.06163114 -0.09252424  0.19673289 -0.05308888  0.03295151]\n",
       "  [-0.02628863  0.04806406 -0.05308888  0.1559604  -0.0283714 ]\n",
       "  [ 0.01385341 -0.02532163  0.03295151 -0.0283714   0.13602761]],\n",
       " Quantum object: dims = [[5], [5]], shape = (5, 5), type = oper, isherm = True\n",
       " Qobj data =\n",
       " [[ 0.24579076 -0.11302508  0.06137337 -0.02850441  0.01518977]\n",
       "  [-0.11302508  0.23717828 -0.09652585  0.05357288 -0.03055927]\n",
       "  [ 0.06137337 -0.09652585  0.20539393 -0.05984303  0.03938377]\n",
       "  [-0.02850441  0.05357288 -0.05984303  0.16531055 -0.03453435]\n",
       "  [ 0.01518977 -0.03055927  0.03938377 -0.03453435  0.14632648]],\n",
       " Quantum object: dims = [[5], [5]], shape = (5, 5), type = oper, isherm = True\n",
       " Qobj data =\n",
       " [[ 0.22481939 -0.10375775  0.05906793 -0.02784946  0.0147065 ]\n",
       "  [-0.10375775  0.23515905 -0.09885833  0.05635336 -0.03316083]\n",
       "  [ 0.05906793 -0.09885833  0.21227589 -0.0643383   0.04338497]\n",
       "  [-0.02784946  0.05635336 -0.0643383   0.17277938 -0.03879433]\n",
       "  [ 0.0147065  -0.03316083  0.04338497 -0.03879433  0.15496629]],\n",
       " Quantum object: dims = [[5], [5]], shape = (5, 5), type = oper, isherm = True\n",
       " Qobj data =\n",
       " [[ 0.21239414 -0.09807588  0.05762719 -0.0267702   0.01360733]\n",
       "  [-0.09807588  0.23579218 -0.10012071  0.05680109 -0.032992  ]\n",
       "  [ 0.05762719 -0.10012071  0.2168484  -0.06592213  0.04376434]\n",
       "  [-0.0267702   0.05680109 -0.06592213  0.17631535 -0.03983165]\n",
       "  [ 0.01360733 -0.032992    0.04376434 -0.03983165  0.15864994]],\n",
